36,2
87,106
180,117
181,0
170,146
170,129
4,54
149,137
4,2
119,126
7,198
62,121
154,49
16,126
64,115
180,136
145,116
166,4
200,0
5,146
184,39
49,54
30,32
149,74
117,63
126,198
39,52
171,105
90,2
60,2
155,121
145,132
174,105
184,122
4,111
74,121
103,149
22,2
126,79
74,107
180,142
185,105
73,102
74,111
102,70
3,126
92,26
50,92
75,159
163,4
159,1
103,180
66,67
5,3
135,133
40,120
113,128
148,133
2,3
33,2
200,4
27,101
12,117
175,4
77,34
54,120
170,116
92,104
114,79
184,94
4,121
24,2
6,104
28,2
92,138
5,130
57,69
73,9
74,58
74,117
196,41
61,38
148,149
156,75
104,3
152,4
26,116
182,129
113,112
75,9
30,5
149,5
171,126
9,18
154,150
71,66
160,0
10,117
101,102
40,114
104,198
193,39
71,58
0,12
39,38
35,2
12,126
183,12
32,37
180,118
184,4
157,42
5,127
117,115
117,111
50,87
39,106
51,9
4,49
71,138
171,0
183,16
89,2
181,136
113,129
193,136
20,71
155,0
24,135
12,118
40,109
55,107
5,72
62,120
34,2
180,107
109,121
34,24
3,4
101,116
192,4
56,44
103,162
180,141
10,12
59,115
50,2
180,146
54,180
47,10
53,3
16,115
73,114
106,107
102,3
180,115
172,4
198,4
113,116
10,85
141,3
78,90
32,33
46,87
156,74
138,113
177,123
170,114
162,12
49,180
23,2
148,80
39,136
199,4
185,4
9,112
0,105
57,62
97,78
100,2
181,133
39,103
15,2
40,128
59,105
108,3
96,2
59,106
93,26
12,133
116,115
193,4
47,45
21,2
187,0
4,5
173,4
117,118
180,129
173,129
123,111
92,126
40,115
105,63
180,138
180,144
113,136
0,5
102,200
27,5
28,32
180,106
110,85
7,116
150,74
39,123
12,54
40,103
23,22
4,120
8,137
193,0
84,99
180,134
14,26
143,139
154,0
0,103
94,106
2,133
162,4
58,118
31,2
174,4
29,5
76,198
10,125
74,105
195,129
29,77
16,127
189,2
152,121
180,4
123,115
162,105
125,126
84,78
21,17
71,72
64,105
170,128
18,2
40,116
173,133
162,16
109,120
17,198
180,114
28,37
0,158
136,87
57,148
58,50
199,0
5,106
184,95
73,104
98,2
170,115
17,2
93,104
181,129
85,114
152,120
173,0
105,114
42,185
11,17
176,123
74,109
123,116
4,126
4,107
12,114
35,9
180,111
64,117
134,79
8,2
12,107
138,137
181,111
71,87
105,107
149,80
94,2
2,162
12,127
124,38
5,123
119,66
52,2
123,114
75,180
188,0
122,116
183,4
166,74
94,26
18,7
180,137
10,2
70,2
27,26
73,105
39,54
93,138
101,15
39,134
180,149
12,35
5,38
72,38
9,126
32,25
2,5
113,142
49,117
39,133
28,25
147,198
180,190
142,3
113,141
157,41
23,25
0,9
0,4
71,3
105,106
118,141
169,0
161,133
145,133
154,4
159,0
30,31
12,108
138,110
170,111
46,137
0,146
39,135
162,13
102,119
25,2
8,17
12,123
168,123
4,130
9,144
198,0
54,2
90,26
54,109
0,162
44,193
28,34
74,115
180,112
40,130
93,126
9,110
49,109
56,74
39,9
181,170
2,87
55,117
57,38
72,3
183,15
110,10
138,2
164,0
70,7
95,90
190,4
0,117
185,115
12,115
123,129
39,128
71,13
168,105
52,49
52,63
16,117
125,146
180,130
4,106
99,2
21,19
56,38
150,166
12,137
4,123
39,129
42,41
5,133
156,49
130,142
183,122
57,50
61,62
8,63
148,90
78,77
118,115
4,129
33,23
174,0
68,115
12,136
4,114
49,174
74,128
62,54
40,123
180,116
9,107
26,5
20,21
69,2
116,126
62,2
12,134
168,64
11,2
150,180
55,3
115,111
35,168
41,185
40,146
116,198
137,146
114,111
184,60
95,2
179,4
67,2
110,119
27,94
49,63
16,2
23,17
12,194
0,114
92,80
62,109
184,99
46,59
113,106
154,94
180,128
46,70
4,63
0,111
39,137
4,105
148,112
113,127
75,149
85,116
168,117
58,141
180,123
5,136
113,146
4,195
144,114
135,79
186,0
93,80
182,146
68,114
19,17
145,147
115,114
72,9
119,125
121,120
40,118
113,115
4,117
74,106
30,10
169,128
8,9
49,114
83,26
180,145
41,38
55,2
12,103
12,63
39,0
4,6
150,170
183,0
186,4
180,143
180,0
128,195
187,4
68,2
123,107
12,135
14,15
5,54
193,116
12,106
62,38
173,9
39,109
18,17
125,114
12,38
24,37
12,146
7,136
54,121
53,2
4,103
37,2
69,67
68,87
180,139
184,26
167,0
29,34
140,142
77,104
70,66
24,26
8,59
27,2
188,105
183,103
0,54
46,10
175,0
179,2
20,2
167,4
136,141
178,183
0,35
39,117
49,105
137,132
20,17
12,130
22,17
14,198
4,115
55,137
63,67
91,26
57,9
174,75
180,125
95,113
163,44
78,119
50,9
123,126
168,0
105,128
39,192
49,56
113,123
141,147
96,119
180,108
5,128
88,94
11,35
162,74
125,18
2,12
6,198
183,74
167,129
117,141
96,147
104,102
12,180
2,130
105,115
103,101
149,133
13,16
122,180
10,102
55,105
12,116
46,126
55,115
193,164
30,37
39,115
76,26
177,190
51,2
19,22
3,114
183,5
28,5
8,18
0,195
13,63
71,9
138,14
74,123
102,2
12,168
39,139
12,129
28,31
26,17
28,78
29,2
80,18
39,146
169,129
5,125
101,198
74,200
61,2
184,0
192,35
113,130
113,14
6,102
79,119
84,26
16,128
6,2
2,63
12,128
102,198
83,81
87,105
0,116
4,7
12,16
74,3
26,15
180,74
58,102
172,0
154,149
85,105
126,115
63,118
101,2
152,0
28,29
126,107
74,120
160,190
181,4
49,126
8,125
136,114
5,141
192,0
168,74
12,105
173,128
16,133
91,90
183,2
4,102
198,160
77,11
45,10
113,114
49,115
9,85
110,98
95,26
177,0
9,111
24,134
150,75
8,117
31,25
178,4
9,17
181,114
40,121
53,79
180,105
154,2
91,2
58,3
16,129
12,5
105,129
116,146
170,0
35,3
80,136
19,2
43,119
40,9
26,2
74,9
50,93
3,112
162,5
42,25
5,107
52,72
5,126
180,127
16,130
40,126
20,19
57,72
13,12
39,126
5,129
155,120
49,121
23,43
55,63
