67,48
95,193
157,140
112,59
105,178
175,10
16,170
168,191
169,48
72,36
89,172
40,194
8,155
125,0
142,199
10,79
127,123
70,93
167,176
114,198
102,194
125,185
56,198
109,24
108,190
34,12
24,153
172,65
198,99
15,75
27,118
108,82
150,184
163,143
34,182
175,145
181,83
23,176
43,36
128,29
105,198
59,116
118,56
93,82
32,156
152,110
85,136
99,143
19,82
81,151
30,97
58,44
36,100
57,5
49,150
131,69
136,157
47,118
158,190
35,126
152,50
72,93
35,19
73,48
83,25
97,67
83,168
135,1
24,98
83,56
93,44
66,89
26,165
67,174
107,156
108,26
77,17
72,108
117,114
28,35
118,13
84,123
59,38
60,136
124,166
49,46
44,181
160,43
104,112
120,134
152,57
131,25
133,67
10,151
75,170
41,179
76,79
79,161
168,54
4,21
153,49
50,191
191,145
11,40
147,95
171,10
196,144
145,19
36,190
156,3
161,135
56,68
196,7
47,145
129,55
36,84
93,154
70,115
107,192
185,28
159,105
43,145
151,105
79,26
3,169
43,184
134,51
134,196
81,130
95,161
192,129
138,38
191,194
21,104
71,195
62,100
60,190
139,8
116,29
21,65
122,132
41,3
91,143
64,135
108,99
112,192
148,18
148,104
83,12
47,32
186,55
165,83
79,199
37,103
144,141
113,67
54,110
134,64
53,33
117,185
118,91
179,75
156,130
83,75
84,187
18,180
58,142
146,2
99,141
40,108
100,91
133,189
179,20
63,109
115,141
63,20
7,188
88,165
22,97
84,198
178,125
33,100
64,91
114,161
18,104
50,142
14,50
89,189
86,27
137,88
29,104
177,102
135,69
157,61
126,156
30,101
113,143
59,71
174,13
18,43
183,22
28,49
34,177
139,32
52,102
68,110
91,118
191,117
122,128
10,54
122,134
6,184
111,151
190,18
103,32
193,146
24,85
165,123
128,92
122,129
101,50
46,158
51,98
155,132
119,107
42,12
109,130
168,119
179,16
17,155
73,187
60,187
77,96
135,15
170,93
99,67
144,198
14,100
46,187
101,110
100,102
8,56
56,190
23,117
2,41
117,154
87,18
152,48
81,16
134,74
108,173
58,123
28,116
2,190
36,44
138,153
129,115
73,197
198,113
47,161
42,32
1,83
137,167
12,178
109,57
141,63
139,182
174,128
35,124
142,165
105,58
141,149
33,124
163,86
36,147
171,59
5,122
114,139
99,158
13,158
148,169
0,163
113,83
128,59
30,136
196,114
26,63
53,127
6,47
131,197
131,87
187,30
187,83
156,83
119,89
194,66
143,166
21,135
95,159
72,63
69,20
91,106
22,114
43,46
89,34
137,44
123,76
65,163
135,146
11,41
37,36
180,47
66,167
199,110
183,29
137,41
26,21
161,36
87,45
182,50
44,150
140,195
146,119
153,150
65,76
126,74
46,31
114,190
164,70
23,18
43,97
196,83
61,68
44,36
42,44
69,144
88,153
104,68
16,54
46,30
101,160
176,13
109,148
37,78
63,70
37,74
142,0
100,199
147,101
25,77
31,117
163,53
143,132
52,141
124,157
111,140
162,117
92,143
11,67
28,102
131,99
171,40
23,37
20,159
115,22
157,111
167,58
65,75
78,3
120,103
82,141
19,160
155,61
190,96
61,103
115,67
34,36
20,158
43,87
160,93
82,38
191,57
143,103
140,72
38,36
191,127
156,145
25,0
108,198
76,72
181,143
171,63
85,133
118,89
191,2
189,9
163,14
147,126
194,101
129,119
18,22
200,86
199,1
6,44
23,191
147,4
195,147
132,77
120,153
9,138
141,171
54,186
193,118
10,108
108,141
93,99
158,152
191,43
110,67
118,155
3,84
193,35
7,103
94,41
92,66
133,30
142,198
115,167
44,49
127,124
117,131
21,56
127,91
198,67
196,132
65,172
62,141
45,197
116,8
40,77
184,117
65,110
60,169
83,10
198,182
107,151
199,152
64,56
44,63
94,152
182,1
188,13
76,8
41,72
23,87
169,191
96,146
48,31
188,190
175,172
152,24
120,26
183,197
41,48
102,196
84,150
57,132
147,91
80,77
178,68
86,187
148,8
118,2
68,168
142,76
176,84
133,176
58,128
17,144
56,51
196,87
108,135
50,189
184,32
14,192
119,5
95,109
140,109
120,125
171,107
61,190
145,76
29,175
113,82
12,176
56,156
18,59
83,115
18,41
45,183
91,96
106,116
87,34
37,6
107,141
37,21
88,136
139,147
175,128
31,23
169,140
86,28
52,23
181,33
76,103
42,124
78,79
190,19
17,110
59,11
74,119
131,125
19,151
168,114
92,12
100,90
15,67
188,35
62,68
65,147
178,47
74,23
198,130
175,87
107,187
68,182
27,9
83,132
27,106
37,59
40,163
166,102
133,73
93,145
66,34
161,44
32,94
159,17
157,194
191,124
156,58
170,112
16,17
144,102
70,6
57,74
102,66
77,19
3,39
30,189
63,195
96,68
199,48
86,98
77,41
42,168
197,58
37,181
71,96
123,105
59,114
168,188
190,143
37,79
185,16
25,4
173,73
36,22
95,83
116,163
103,113
184,143
115,133
170,98
150,125
75,119
21,106
152,70
169,68
75,55
64,147
70,55
96,113
66,112
156,24
24,67
96,21
115,54
155,75
110,188
14,179
87,187
92,5
146,178
44,192
138,198
60,134
76,3
3,166
124,172
106,174
65,154
118,149
4,52
34,61
173,145
49,92
4,145
182,30
122,144
51,34
13,165
184,168
11,62
60,119
156,94
159,52
90,76
100,5
153,163
95,164
56,23
197,99
158,148
151,93
7,183
81,35
102,146
46,190
120,146
13,115
53,44
190,118
162,61
82,158
25,54
123,80
165,69
164,107
64,174
198,119
19,106
182,95
196,96
171,118
62,132
162,56
45,79
162,141
38,109
19,72
6,11
104,127
52,162
28,0
160,192
11,153
57,199
81,149
54,61
73,188
113,126
61,108
126,158
15,65
142,101
196,88
57,102
159,5
100,60
17,54
27,109
169,109
191,106
29,44
158,154
89,88
118,53
156,62
104,94
21,189
135,126
84,186
105,47
28,182
9,142
112,135
164,34
118,195
183,138
42,111
162,60
122,28
46,159
79,122
118,47
181,176
67,151
147,59
56,189
156,111
84,169
11,184
67,152
74,134
195,6
144,117
54,18
123,187
31,52
26,66
67,196
173,110
2,174
93,107
123,61
6,38
107,81
45,84
67,50
194,89
113,100
132,23
96,128
41,80
167,22
106,7
75,79
18,33
0,150
197,136
